[{"id": 0, "img_name": "cam0", "width": 1102, "height": 1100, "position": [-3.380837303858719, 1.0936301881217967, 1.6825708260109724], "rotation": [[-0.4645137626531682, 0.02069839795361233, 0.8853239749537731], [0.008959378209327696, 0.9997854897224803, -0.018673619961933917], [-0.8855205778794175, -0.0007422011414770215, -0.4645995644526232]], "fy": 532.3453599156969, "fx": 546.3082824980401}, {"id": 1, "img_name": "cam1", "width": 1102, "height": 1100, "position": [1.3238752555044175, -1.0047015692284265, -2.9243060264210285], "rotation": [[0.9231717981535995, 0.006322548647591929, -0.3843356039614968], [-0.010573382189858276, 0.9999040621830934, -0.008948185224712744], [0.3842421563063024, 0.012324439473964454, 0.9231500817899196]], "fy": 532.3453599156969, "fx": 546.3082824980401}, {"id": 2, "img_name": "cam10", "width": 1102, "height": 1100, "position": [0.42779641649419525, 0.9690258561146798, -3.188023753986009], "rotation": [[0.9999919352762535, -0.002690392647042839, -0.002981806475604285], [0.002690554798130539, 0.99999637918231, 5.037011256321484e-05], [0.002981660163646179, -5.8392420062205756e-05, 0.9999955531366095]], "fy": 532.3453599156969, "fx": 546.3082824980401}, {"id": 3, "img_name": "cam11", "width": 1102, "height": 1100, "position": [-1.4647334263373513, 1.036256573915082, -2.987206268571705], "rotation": [[0.905132876947265, 0.005307315044311266, 0.42509564509200487], [-0.004340864237818789, 0.9999853229208485, -0.003242042651638032], [-0.42510661247131426, 0.0010891969090304793, 0.9051426305744621]], "fy": 532.3453599156969, "fx": 546.3082824980401}, {"id": 4, "img_name": "cam12", "width": 1102, "height": 1100, "position": [2.3428875794788255, 0.8838086165025314, 3.0068718351406405], "rotation": [[-0.724674229328844, 0.002514387148164904, -0.6890870331125926], [-0.0012706774034051357, 0.9999867668948745, 0.004985119263581255], [0.6890904488712513, 0.004488194782403778, -0.7246614446636528]], "fy": 532.3453599156969, "fx": 546.3082824980401}, {"id": 5, "img_name": "cam13", "width": 1102, "height": 1100, "position": [2.740836544800131, 1.0197922698870139, -2.1743833562051114], "rotation": [[0.7390837499216635, 0.002965349368419614, -0.6736070199343644], [-0.003976692757817697, 0.9999920921686969, 3.892020484790094e-05], [0.673601808575691, 0.0026499628668414416, 0.739089697655408]], "fy": 532.3453599156969, "fx": 546.3082824980401}, {"id": 6, "img_name": "cam14", "width": 1102, "height": 1100, "position": [-2.5235529789479028, -0.9259774427134596, 2.605735408919585], "rotation": [[-0.6414498596299173, 0.005136406185133501, 0.7671477660218146], [0.012481511827678931, 0.9999151028650323, 0.0037415137187375045], [-0.7670634194401759, 0.01197515736486633, -0.6414595124891607]], "fy": 532.3453599156969, "fx": 546.3082824980401}, {"id": 7, "img_name": "cam15", "width": 1102, "height": 1100, "position": [-0.6465051874687225, 1.0656373210599888, -3.1244709193102054], "rotation": [[0.9955682829544289, -0.0015083223883728405, 0.09402935147464751], [0.0008890804429707052, 0.9999776448352939, 0.0066271687487786815], [-0.09403724534000339, -0.006514199354609514, 0.9955473678814245]], "fy": 532.3453599156969, "fx": 546.3082824980401}, {"id": 8, "img_name": "cam16", "width": 1102, "height": 1100, "position": [-1.7576660842104619, -0.5721360698119872, -2.7573578699694923], "rotation": [[0.9411058203617432, -0.0008342105820085334, 0.3381111340579534], [0.004651318505518307, 0.9999342707600444, -0.010479474974376993], [-0.3380801681811737, 0.011434957467486956, 0.9410478423705706]], "fy": 532.3453599156969, "fx": 546.3082824980401}, {"id": 9, "img_name": "cam17", "width": 1102, "height": 1100, "position": [2.924970930628482, -1.1161263897002478, -1.2918177099399697], "rotation": [[0.5071243125232735, -0.002070414156174639, -0.8618704340172129], [-0.008222679101298503, 0.9999399809180536, -0.007240311457346732], [0.8618336957883428, 0.01075862197608175, 0.5070768510363902]], "fy": 532.3453599156969, "fx": 546.3082824980401}, {"id": 10, "img_name": "cam18", "width": 1102, "height": 1100, "position": [-2.8435048350707266, -0.6117575702341851, -2.126874276794121], "rotation": [[0.8122921888759337, -0.004263836979454471, 0.5832351323311695], [0.009430420198245587, 0.9999385730097587, -0.005823863158747598], [-0.583174473949288, 0.010230830925195295, 0.8122825019859478]], "fy": 532.3453599156969, "fx": 546.3082824980401}, {"id": 11, "img_name": "cam19", "width": 1102, "height": 1100, "position": [0.13527104525866362, 0.8489069089325607, 3.8385899659491685], "rotation": [[-0.9998160831688157, 0.005264365939255445, 0.018441428584150356], [0.005480422526010386, 0.9999167100238567, 0.011684946897720264], [-0.018378378761553172, 0.011783864659938675, -0.9997616594607797]], "fy": 532.3453599156969, "fx": 546.3082824980401}, {"id": 12, "img_name": "cam2", "width": 1102, "height": 1100, "position": [-1.8723722754027023, 1.0829393765221347, 3.0413568863474385], "rotation": [[-0.8134872562814768, 0.011077763073339918, 0.5814772283012682], [0.014940952622439775, 0.9998866598164476, 0.0018534982712372625], [-0.5813907909507755, 0.010195620942268113, -0.8135605678197736]], "fy": 532.3453599156969, "fx": 546.3082824980401}, {"id": 13, "img_name": "cam20", "width": 1102, "height": 1100, "position": [-0.7972833143240772, 0.8388379938297267, 3.47036472326705], "rotation": [[-0.9725157944396712, 0.010896201893956162, 0.23258181861371166], [0.013258083496136488, 0.9998751737137977, 0.008594196461127869], [-0.2324591421892991, 0.01144158096982824, -0.9725388616592792]], "fy": 532.3453599156969, "fx": 546.3082824980401}, {"id": 14, "img_name": "cam21", "width": 1102, "height": 1100, "position": [3.629819277106831, 0.7530454354043996, -0.5346242680725889], "rotation": [[0.2795230568826995, 0.006360958261782546, -0.9601179088429416], [-0.008392626531609038, 0.999956038416051, 0.004181513503304999], [0.9601022989717566, 0.006889081598388159, 0.27956415375344296]], "fy": 532.3453599156969, "fx": 546.3082824980401}, {"id": 15, "img_name": "cam22", "width": 1102, "height": 1100, "position": [2.340051606889608, -1.074372330649786, -2.4149429488708893], "rotation": [[0.6797232275251763, -0.0010594740014490487, -0.7334679348666836], [-0.009195401293734942, 0.9999080579956189, -0.00996594955222014], [0.733411057019053, 0.013518619392174355, 0.6796509901206096]], "fy": 532.3453599156969, "fx": 546.3082824980401}, {"id": 16, "img_name": "cam23", "width": 1102, "height": 1100, "position": [-3.1763956851934734, -0.9070503625389688, 1.9147335531478324], "rotation": [[-0.39299157355369074, 0.0026211239810628568, 0.9195383367891028], [0.011235607122514198, 0.99993497413524, 0.0019515721214678938], [-0.919473427701085, 0.011098522885171687, -0.39299546885604775]], "fy": 532.3453599156969, "fx": 546.3082824980401}, {"id": 17, "img_name": "cam24", "width": 1102, "height": 1100, "position": [0.8129306635611665, -1.049313821240482, -3.116348563848944], "rotation": [[0.9589450867975737, 0.006706183004315327, -0.28351251756546214], [-0.0070039530145634705, 0.9999754713490228, -3.663972537392606e-05], [0.2835053176731675, 0.0020208438366980364, 0.9589685349589027]], "fy": 532.3453599156969, "fx": 546.3082824980401}, {"id": 18, "img_name": "cam25", "width": 1102, "height": 1100, "position": [-3.7652696053235375, -0.6895576300511116, 1.2556283225600242], "rotation": [[-0.16052016607447187, 0.007872130976007394, 0.9870011681033211], [0.015963205041513755, 0.999858113780459, -0.005378512079129703], [-0.9869034665904391, 0.01489234237047145, -0.16062305491583112]], "fy": 532.3453599156969, "fx": 546.3082824980401}, {"id": 19, "img_name": "cam26", "width": 1102, "height": 1100, "position": [-3.7732430350719346, 1.2345785699815615, 0.8406051318718017], "rotation": [[-0.058255805481439736, 0.005462876494383229, 0.9982867414265881], [0.011442230528724966, 0.9999229949781987, -0.004804110152410721], [-0.9982361125947288, 0.01114275972262242, -0.05831382698406732]], "fy": 532.3453599156969, "fx": 546.3082824980401}, {"id": 20, "img_name": "cam27", "width": 1102, "height": 1100, "position": [0.32896088065918555, -1.1603017512060771, 3.5716797312327104], "rotation": [[-0.9994780170308115, 0.007227519319887504, 0.031487401236637916], [0.007713575060684103, 0.999852543512383, 0.015342489745846106], [-0.031371870073994106, 0.015577361660398515, -0.9993863875257462]], "fy": 532.3453599156969, "fx": 546.3082824980401}, {"id": 21, "img_name": "cam28", "width": 1102, "height": 1100, "position": [3.474843305997158, -0.9554916511885094, -0.5908860697997758], "rotation": [[0.24654263798919607, 0.015331866404534957, -0.9690106612034161], [-0.01373861424324362, 0.9998296700755062, 0.012324013769066049], [0.9690345598233344, 0.010274468806623454, 0.24671128299844375]], "fy": 532.3453599156969, "fx": 546.3082824980401}, {"id": 22, "img_name": "cam29", "width": 1102, "height": 1100, "position": [-0.7970466040054124, -0.9682643319251629, 3.358980835660483], "rotation": [[-0.9139573547463103, 0.0026369794376565905, 0.40580167575377496], [0.008346561981800595, 0.9998895056461302, 0.012300869961966141], [-0.40572439981865827, 0.014629519410514357, -0.9138783773312542]], "fy": 532.3453599156969, "fx": 546.3082824980401}, {"id": 23, "img_name": "cam3", "width": 1102, "height": 1100, "position": [1.2625034750741662, 0.9755715178516808, 3.7918095230266937], "rotation": [[-0.9463153847283783, -0.0013525145097778755, -0.3232419578750291], [-0.0034518951249014945, 0.9999765094596619, 0.0059215664243129264], [0.32322635574226916, 0.0067194667475707626, -0.9462978240069032]], "fy": 532.3453599156969, "fx": 546.3082824980401}, {"id": 24, "img_name": "cam30", "width": 1102, "height": 1100, "position": [-1.0637049565932433, -0.6559436674173217, -3.260075448330169], "rotation": [[0.90210817084196, 0.0020713699465149185, 0.43150499131147696], [0.0029881908340248097, 0.9999345133162163, -0.011047162287247166], [-0.4314996162405159, 0.011255154623815735, 0.9020429051207496]], "fy": 532.3453599156969, "fx": 546.3082824980401}, {"id": 25, "img_name": "cam31", "width": 1102, "height": 1100, "position": [-2.7456992594497143, 1.1546125739755606, 2.4212149242439205], "rotation": [[-0.6323873351156309, -0.0008787617932227762, 0.7746518483570932], [0.007202771606583335, 0.9999494583939592, 0.00701432383134187], [-0.7746188601283434, 0.01001540989367412, -0.6323490437235811]], "fy": 532.3453599156969, "fx": 546.3082824980401}, {"id": 26, "img_name": "cam32", "width": 1102, "height": 1100, "position": [-1.6682688146711009, -0.9973982101835587, 3.2814580970564613], "rotation": [[-0.8194070833585249, 0.012824020241586196, 0.5730685615584914], [0.014121802407678106, 0.9998978986399012, -0.0021833442854271275], [-0.5730380497302371, 0.00630371321949199, -0.819504519060763]], "fy": 532.3453599156969, "fx": 546.3082824980401}, {"id": 27, "img_name": "cam33", "width": 1102, "height": 1100, "position": [2.4062912709493403, -1.115603378305644, 2.5054440108329934], "rotation": [[-0.5974731273466071, -0.004422813128649044, -0.8018767366763381], [-0.005738416913164702, 0.9999827665538695, -0.001239825229661635], [0.8018684010920963, 0.003860740770687658, -0.5974882107713136]], "fy": 532.3453599156969, "fx": 546.3082824980401}, {"id": 28, "img_name": "cam34", "width": 1102, "height": 1100, "position": [-3.7694221112196815, 1.6368968420766932, -0.3467544643392435], "rotation": [[0.1564656263852618, 0.012065147947237629, 0.987609710343554], [0.0027634192238678314, 0.9999161253140093, -0.012653294085395924], [-0.9876795387543779, 0.004708985244150318, 0.15641916181820426]], "fy": 532.3453599156969, "fx": 546.3082824980401}, {"id": 29, "img_name": "cam35", "width": 1102, "height": 1100, "position": [3.4350476724401657, -1.0961414530896694, 0.19753657348990727], "rotation": [[0.10080693164617659, 0.006449697047605214, -0.9948851008735015], [-0.008909609075450738, 0.9999447412125876, 0.005579730048455011], [0.9948661122976327, 0.00830156185817455, 0.10085882545672029]], "fy": 532.3453599156969, "fx": 546.3082824980401}, {"id": 30, "img_name": "cam36", "width": 1102, "height": 1100, "position": [3.6480495782805664, 0.7067648763660641, 0.29692037957535766], "rotation": [[-0.08614343686888348, 0.00782288962823763, -0.9962520317079818], [-0.013753790811925732, 0.9998645420132193, 0.009040512319389408], [0.9961878043434977, 0.014481022842315268, -0.08602417366485926]], "fy": 532.3453599156969, "fx": 546.3082824980401}, {"id": 31, "img_name": "cam37", "width": 1102, "height": 1100, "position": [3.419792499517337, 0.9130777045284398, -1.281937237555302], "rotation": [[0.5938656881807874, 0.00365744402091301, -0.8045558821516335], [-0.01563727272383111, 0.999853247600466, -0.006997068283344984], [0.8044122202598118, 0.016736378522104252, 0.5938357294156733]], "fy": 532.3453599156969, "fx": 546.3082824980401}, {"id": 32, "img_name": "cam38", "width": 1102, "height": 1100, "position": [-3.7738943337320316, -0.34032650615722304, 0.6695043411653597], "rotation": [[0.02794773566095615, 0.008923376385076493, 0.99956955607167], [0.013948464945907603, 0.9998593167206616, -0.009315959024406835], [-0.9995120631573576, 0.014202820874104531, 0.02781933647914687]], "fy": 532.3453599156969, "fx": 546.3082824980401}, {"id": 33, "img_name": "cam39", "width": 1102, "height": 1100, "position": [1.4435284256705139, -1.1706129011184097, 3.503988092271146], "rotation": [[-0.9094132736422218, 0.00316374573348984, -0.41588157982323654], [0.0010601350632504396, 0.9999854511761105, 0.0052890027186867665], [0.4158922622951585, 0.004368998631772944, -0.9094033967464442]], "fy": 532.3453599156969, "fx": 546.3082824980401}, {"id": 34, "img_name": "cam4", "width": 1102, "height": 1100, "position": [-2.494252033497918, 1.1139248607691477, -2.397691248839503], "rotation": [[0.8621218260451545, 0.0023272302214132944, 0.5066957085431699], [0.004784502909964904, 0.999907483259983, -0.012733163495043793], [-0.5066784637109347, 0.013401825255670179, 0.8620309307045447]], "fy": 532.3453599156969, "fx": 546.3082824980401}, {"id": 35, "img_name": "cam5", "width": 1102, "height": 1100, "position": [3.0756126967948774, 0.8546116602875796, 1.9336664131252794], "rotation": [[-0.3794605727545384, 0.0017927494225405515, -0.9252061714960107], [-0.009144273660835516, 0.9999420129971679, 0.005687961180187914], [0.9251627186522454, 0.010618695432093124, -0.3794221755819064]], "fy": 532.3453599156969, "fx": 546.3082824980401}, {"id": 36, "img_name": "cam6", "width": 1102, "height": 1100, "position": [3.0681652286986356, -1.1670380593156335, 1.4666712811988172], "rotation": [[-0.2781526495064378, 0.014422004662988108, -0.9604286071093725], [-0.0074994181671770715, 0.999824193090249, 0.01718550664327858], [0.9605076065808652, 0.011982849950371025, -0.27799559170491234]], "fy": 532.3453599156969, "fx": 546.3082824980401}, {"id": 37, "img_name": "cam7", "width": 1102, "height": 1100, "position": [1.0692544888188587, 0.8979322565942308, -3.1708316473316827], "rotation": [[0.969771147275077, 0.009153569660665146, -0.24384448748177262], [-0.008863604783633109, 0.9999581036405308, 0.0022863669593726254], [0.24385519970470299, -5.591154357661658e-05, 0.9698116510183195]], "fy": 532.3453599156969, "fx": 546.3082824980401}, {"id": 38, "img_name": "cam8", "width": 1102, "height": 1100, "position": [1.9301405493594295, 0.9730962887676722, -2.80068674871303], "rotation": [[0.9227793447111899, 0.0035360449559110863, -0.38531257098679844], [-0.004445270246161572, 0.9999890408478621, -0.0014689304309774742], [0.38530315408367133, 0.0030683171678033533, 0.9227849505073935]], "fy": 532.3453599156969, "fx": 546.3082824980401}, {"id": 39, "img_name": "cam9", "width": 1102, "height": 1100, "position": [-0.0557767732532494, -0.8327724397387334, -3.0789749972680385], "rotation": [[0.99925302001851, 0.004160155919193905, 0.03841998290753533], [-0.0037282879104568157, 0.9999291399471475, -0.011305527577887931], [-0.03846429322298867, 0.011153841817312942, 0.9991977231557178]], "fy": 532.3453599156969, "fx": 546.3082824980401}]