[{"id": 0, "img_name": "cam0", "width": 1100, "height": 1100, "position": [-1.2797385848367515, 0.9514670310033811, 3.3908842287635275], "rotation": [[-0.9310191819015228, 0.019810890186334612, 0.36443217690187996], [0.01560143337454166, 0.9997732703144107, -0.01449148858772814], [-0.36463663859804035, -0.0078061895220080555, -0.931117170498465]], "fy": 523.557180970079, "fx": 548.2375237930574}, {"id": 1, "img_name": "cam1", "width": 1100, "height": 1100, "position": [-3.617659175436053, 1.201535350691291, 1.1972096517909054], "rotation": [[-0.33783009973105604, 0.03264904673536633, 0.9406406664943714], [-0.0036180082844770125, 0.9993457424762169, -0.035986066896960545], [-0.9412001560410821, -0.015560422292821275, -0.3374909473249778]], "fy": 523.557180970079, "fx": 548.2375237930574}, {"id": 2, "img_name": "cam10", "width": 1100, "height": 1100, "position": [0.38518804058380235, -0.9192236549725187, -3.114649178445493], "rotation": [[0.9949852444723101, 0.013574004613278056, -0.09909646654213275], [-0.012738894448155718, 0.9998778548404671, 0.009055162497972365], [0.09920727720593925, -0.007747373644316105, 0.9950366296528983]], "fy": 523.557180970079, "fx": 548.2375237930574}, {"id": 3, "img_name": "cam11", "width": 1100, "height": 1100, "position": [0.9116915856127795, 0.9291040961096549, -3.1873178150152226], "rotation": [[0.9900560273959134, 0.007881883165180828, -0.14045262024893926], [-0.005204561670313831, 0.9997978824980666, 0.019419235057080396], [0.14057729245807163, -0.018495136391837693, 0.9898969414918933]], "fy": 523.557180970079, "fx": 548.2375237930574}, {"id": 4, "img_name": "cam12", "width": 1100, "height": 1100, "position": [-1.025849466769095, 1.0248514580663544, -3.2418695645300284], "rotation": [[0.9548087187508024, 0.016506097390165796, 0.2967622943475087], [-0.020586653363547477, 0.999731557990031, 0.010630223991717513], [-0.2965071673682446, -0.016259173034669044, 0.9548922132845615]], "fy": 523.557180970079, "fx": 548.2375237930574}, {"id": 5, "img_name": "cam13", "width": 1100, "height": 1100, "position": [1.9782270790847267, 0.9683882731919518, 3.35188292931443], "rotation": [[-0.8116377861052337, 0.010786456171775103, -0.5840614321537148], [0.0178433870293895, 0.9998207482809318, -0.006331259454254941], [0.5838884462853444, -0.015560323589567566, -0.8116847655489621]], "fy": 523.557180970079, "fx": 548.2375237930574}, {"id": 6, "img_name": "cam14", "width": 1100, "height": 1100, "position": [3.0997550169668564, 0.9904300990448252, -1.8286923812126792], "rotation": [[0.6395212849043335, 0.012479388548857946, -0.7686720959002981], [0.0036239194881039433, 0.9998081932884465, 0.01924691769703479], [0.7687648491976296, -0.015094419324350431, 0.6393533961303455]], "fy": 523.557180970079, "fx": 548.2375237930574}, {"id": 7, "img_name": "cam15", "width": 1100, "height": 1100, "position": [-2.911382452607823, -0.881186926052278, 2.282660666237022], "rotation": [[-0.5294727168431372, 0.013119000478476441, 0.8482255206872713], [0.0037383010270103335, 0.9999067904366634, -0.013131471512430909], [-0.8483187297379319, -0.0037818335627134523, -0.5294724076953636]], "fy": 523.557180970079, "fx": 548.2375237930574}, {"id": 8, "img_name": "cam16", "width": 1100, "height": 1100, "position": [-0.17837322876067357, 1.040779501491189, -3.270790634856719], "rotation": [[0.9990171230761706, 0.010035154506243517, -0.04317503300111302], [-0.008964810022934325, 0.9996494154527681, 0.02491341739288407], [0.043409906494532725, -0.02450187460124598, 0.9987568463640991]], "fy": 523.557180970079, "fx": 548.2375237930574}, {"id": 9, "img_name": "cam17", "width": 1100, "height": 1100, "position": [-1.3657627316013465, -0.6279773355700042, -3.029067780198702], "rotation": [[0.9785103595912513, 0.008291134364641748, 0.20603090366143473], [-0.009815030025158027, 0.9999315069929426, 0.0063754614286292925], [-0.20596393217795486, -0.008260654560635626, 0.9785247162070179]], "fy": 523.557180970079, "fx": 548.2375237930574}, {"id": 10, "img_name": "cam18", "width": 1100, "height": 1100, "position": [3.1425319798629068, -1.2059866696810133, -0.8748022342511147], "rotation": [[0.384830702892489, 0.008806744072192417, -0.9229451616266917], [0.004832800573946878, 0.9999215445060872, 0.011556334677294455], [0.9229745251900973, -0.008907642303555039, 0.3847579495718141]], "fy": 523.557180970079, "fx": 548.2375237930574}, {"id": 11, "img_name": "cam19", "width": 1100, "height": 1100, "position": [-2.5469663578484036, -0.6480223501206278, -2.5434064532079272], "rotation": [[0.8842936861795034, 0.00449632652997272, 0.4669094769126043], [-0.008408163662532492, 0.9999448361908907, 0.0062950265287017165], [-0.46685541591256063, -0.009492503511132016, 0.8842827110207465]], "fy": 523.557180970079, "fx": 548.2375237930574}, {"id": 12, "img_name": "cam2", "width": 1100, "height": 1100, "position": [1.7568496419293116, -1.1136279632058204, -2.747424588386961], "rotation": [[0.8615259581355615, 0.016178262432740512, -0.5074556998234033], [-0.010299511969335096, 0.999843407615471, 0.014390284954686292], [0.507609045931804, -0.007171057979191397, 0.8615576779390124]], "fy": 523.557180970079, "fx": 548.2375237930574}, {"id": 13, "img_name": "cam20", "width": 1100, "height": 1100, "position": [-0.3851205990026518, 0.9632743359478634, 3.887339305715131], "rotation": [[-0.9877510594589097, 0.013877841814666067, 0.15541959350213114], [0.012504934630243828, 0.999873708705462, -0.009807815734309238], [-0.1555360766757793, -0.007744168525538502, -0.9877998566036309]], "fy": 523.557180970079, "fx": 548.2375237930574}, {"id": 14, "img_name": "cam21", "width": 1100, "height": 1100, "position": [3.7592636751973227, 0.7397413756739789, -0.052046869290709175], "rotation": [[0.1461632256415482, 0.016176295787619883, -0.9891282216804096], [0.007557953732153522, 0.9998188573022834, 0.01746796834605492], [0.9892316153487213, -0.010028959933491673, 0.14601448954542806]], "fy": 523.557180970079, "fx": 548.2375237930574}, {"id": 15, "img_name": "cam22", "width": 1100, "height": 1100, "position": [2.7095368632987173, -1.1770860564222048, -2.0826784503794453], "rotation": [[0.5730250094085846, 0.00907808385810187, -0.8194876002635776], [0.00045450427770916697, 0.9999349733291316, 0.011394847042881217], [0.8195377550901197, -0.006901992953805807, 0.5729836214719514]], "fy": 523.557180970079, "fx": 548.2375237930574}, {"id": 16, "img_name": "cam23", "width": 1100, "height": 1100, "position": [-3.4681159079857697, -0.8599660421235052, 1.4920462032850652], "rotation": [[-0.26230680848926813, 0.011475933832791198, 0.96491628712694], [-0.002564608312453994, 0.999917461701717, -0.012589383154031256], [-0.9649811195066864, -0.0057769132467704945, -0.2622557268563668]], "fy": 523.557180970079, "fx": 548.2375237930574}, {"id": 17, "img_name": "cam24", "width": 1100, "height": 1100, "position": [1.2668279209728828, -1.1522287998785459, -3.0164977758639746], "rotation": [[0.9111330768367775, 0.017665221703880407, -0.41173347718651676], [-0.00889088300508484, 0.9996909268666958, 0.023216436845403404], [0.41201634493468464, -0.017492589361197044, 0.9110085295012903]], "fy": 523.557180970079, "fx": 548.2375237930574}, {"id": 18, "img_name": "cam25", "width": 1100, "height": 1100, "position": [-3.958224152111524, -0.6491085416366176, 0.7406180358645365], "rotation": [[-0.0234876501502662, 0.015241343982003112, 0.9996079390061089], [-0.0013892335306145936, 0.9998823168490487, -0.015278170138331944], [-0.9997231618406247, -0.0017475371814812198, -0.02346371226347667]], "fy": 523.557180970079, "fx": 548.2375237930574}, {"id": 19, "img_name": "cam26", "width": 1100, "height": 1100, "position": [-3.8818854880712426, 1.333756229199546, 0.28844525244927605], "rotation": [[0.0793238527843046, 0.016234395860277813, 0.9967166953405093], [-0.006523727216678577, 0.9998544216152462, -0.015766310907877057], [-0.9968275514664792, -0.005251663307302798, 0.07941821371606382]], "fy": 523.557180970079, "fx": 548.2375237930574}, {"id": 20, "img_name": "cam27", "width": 1100, "height": 1100, "position": [-0.172821037940445, -1.1298216078904773, 3.687214188649417], "rotation": [[-0.9857343976598324, 0.014636872019438849, 0.16767068690648862], [0.0143901548752519, 0.9998928475685931, -0.0026864146806820843], [-0.16769204129258322, -0.00023528420450244392, -0.9858394006776506]], "fy": 523.557180970079, "fx": 548.2375237930574}, {"id": 21, "img_name": "cam28", "width": 1100, "height": 1100, "position": [3.5989416729167627, -1.0250036383029422, -0.09500057613637275], "rotation": [[0.11275737921033996, 0.025633824877178878, -0.9932918405261272], [0.003318331445035305, 0.9996518775593178, 0.026174651259413196], [0.9936170097728985, -0.006247456626270892, 0.11263306430913787]], "fy": 523.557180970079, "fx": 548.2375237930574}, {"id": 22, "img_name": "cam29", "width": 1100, "height": 1100, "position": [-1.2948092218467142, -0.9139260565853141, 3.3090924689551144], "rotation": [[-0.8495377420403757, 0.011974013159589332, 0.52739193002718], [0.008474915835009958, 0.9999231262338004, -0.00905082451564748], [-0.5274597621151109, -0.0032194148035830264, -0.8495739136283511]], "fy": 523.557180970079, "fx": 548.2375237930574}, {"id": 23, "img_name": "cam3", "width": 1100, "height": 1100, "position": [-2.297430535770802, 1.1982859262560777, 2.7850272637484386], "rotation": [[-0.7256635094537037, 0.020763661697493527, 0.6877363894692838], [0.009922025638032114, 0.9997564113241678, -0.019714751417638576], [-0.6879782151017376, -0.007482537613209118, -0.7256927636240383]], "fy": 523.557180970079, "fx": 548.2375237930574}, {"id": 24, "img_name": "cam30", "width": 1100, "height": 1100, "position": [-0.6054331621573876, -0.740504132416494, -3.4387681799429246], "rotation": [[0.9530585183069233, 0.011119900003390366, 0.30258190379883326], [-0.0130856206682788, 0.9999043884766823, 0.0044699481873957305], [-0.30250326810521855, -0.008219594210585254, 0.9531129057234906]], "fy": 523.557180970079, "fx": 548.2375237930574}, {"id": 25, "img_name": "cam31", "width": 1100, "height": 1100, "position": [-3.0868962079400575, 1.2748279238676021, 2.037428416337851], "rotation": [[-0.519830233287825, 0.009927967194114967, 0.854211896444505], [-0.0034091097015483264, 0.9999003962142364, -0.01369582497171087], [-0.8542627854067901, -0.010031605953460641, -0.519744610699357]], "fy": 523.557180970079, "fx": 548.2375237930574}, {"id": 26, "img_name": "cam32", "width": 1100, "height": 1100, "position": [-2.156135813047628, -0.9304081030489413, 3.0994415041315], "rotation": [[-0.7327852463155134, 0.023119985156065944, 0.6800670915936863], [0.010126793679249818, 0.9996824685086674, -0.02307401582289703], [-0.6803846197792025, -0.010021399243652909, -0.732786695242967]], "fy": 523.557180970079, "fx": 548.2375237930574}, {"id": 27, "img_name": "cam33", "width": 1100, "height": 1100, "position": [2.092613304360627, -1.1336545680099004, 2.885361828800995], "rotation": [[-0.7008164940080241, 0.007235630396670847, -0.7133049049172897], [0.013983018713980219, 0.9998957685222261, -0.0035954525433350465], [0.7132045407272343, -0.012493908280024642, -0.7008446228244495]], "fy": 523.557180970079, "fx": 548.2375237930574}, {"id": 28, "img_name": "cam34", "width": 1100, "height": 1100, "position": [-3.7032056587092645, 1.7252330111700978, -0.9028404136438604], "rotation": [[0.2896409087678459, 0.024139006946289933, 0.9568309423883529], [-0.017993927362575008, 0.9996425765234928, -0.019772146558812223], [-0.9569662285296209, -0.011490323978014805, 0.28997173984489155]], "fy": 523.557180970079, "fx": 548.2375237930574}, {"id": 29, "img_name": "cam35", "width": 1100, "height": 1100, "position": [3.4515580225476286, -1.1547149569656, 0.696268826192382], "rotation": [[-0.03532757897606958, 0.01695664247116034, -0.9992319222481811], [0.009736733637489442, 0.9998144305648515, 0.016622287819506084], [0.999328353536395, -0.00914202988330054, -0.03548612556832164]], "fy": 523.557180970079, "fx": 548.2375237930574}, {"id": 30, "img_name": "cam36", "width": 1100, "height": 1100, "position": [3.665603161966249, 0.712631042500525, 0.7889921253843155], "rotation": [[-0.21937460479224524, 0.015702805522811197, -0.9755143282755816], [0.006369830048515476, 0.9998722108999073, 0.014662439608879798], [0.9756199096151119, -0.0029972935865190207, -0.21944659531138094]], "fy": 523.557180970079, "fx": 548.2375237930574}, {"id": 31, "img_name": "cam37", "width": 1100, "height": 1100, "position": [3.6504201584925218, 0.8992058695661941, -0.8378504190723254], "rotation": [[0.4777779838458045, 0.011405459708634744, -0.8784065765014929], [-0.005072347060796029, 0.9999348634075862, 0.010224492033690762], [0.8784659751222771, -0.0004294541732030135, 0.47780471546603653]], "fy": 523.557180970079, "fx": 548.2375237930574}, {"id": 32, "img_name": "cam38", "width": 1100, "height": 1100, "position": [-3.879451030236021, -0.3018881104087906, 0.13236451883621944], "rotation": [[0.16561501583683116, 0.01662655615012409, 0.9860503152273482], [-0.0044741340650244306, 0.9998602482768278, -0.016107949595406245], [-0.9861803327250722, -0.0017440029778446771, 0.1656662602942401]], "fy": 523.557180970079, "fx": 548.2375237930574}, {"id": 33, "img_name": "cam39", "width": 1100, "height": 1100, "position": [0.9761522507363644, -1.153714643424072, 3.767597826079879], "rotation": [[-0.9575097587775008, 0.012639728156408238, -0.2881237566011951], [0.01533440426664826, 0.9998572315694604, -0.007097360357301638], [0.2879929129191196, -0.011213997966224978, -0.9575668793133845]], "fy": 523.557180970079, "fx": 548.2375237930574}, {"id": 34, "img_name": "cam4", "width": 1100, "height": 1100, "position": [0.7694574143678478, 1.088902803899756, 3.987452897227286], "rotation": [[-0.9815356590590072, 0.006726111528948603, -0.1911609516070184], [0.00923234722780483, 0.9998826744340923, -0.012222975545765779], [0.1910563104434552, -0.01376215063960893, -0.9814825976294774]], "fy": 523.557180970079, "fx": 548.2375237930574}, {"id": 35, "img_name": "cam5", "width": 1100, "height": 1100, "position": [-2.1378475918216724, 1.1320713824616773, -2.789953119947962], "rotation": [[0.9230377373157084, 0.011966986140560965, 0.3845232460252679], [-0.012576564045232646, 0.9999204799272827, -0.0009294400511009426], [-0.3845037913049925, -0.0039780729887787195, 0.9231148408553417]], "fy": 523.557180970079, "fx": 548.2375237930574}, {"id": 36, "img_name": "cam6", "width": 1100, "height": 1100, "position": [2.8702494152207025, 0.909638886333075, 2.359436848864059], "rotation": [[-0.5008299550202564, 0.009156456574641, -0.8654972648468648], [0.011830579220238188, 0.9999230492041965, 0.0037327021707653572], [0.865464842468902, -0.008369884896381881, -0.5008997419415384]], "fy": 523.557180970079, "fx": 548.2375237930574}, {"id": 37, "img_name": "cam7", "width": 1100, "height": 1100, "position": [2.897232621889067, -1.2065560817655678, 1.9243878663365637], "rotation": [[-0.4055277127624637, 0.025623596035418212, -0.9137235388824446], [0.013216518841977325, 0.9996668968870845, 0.02216797008854515], [0.9139871978377729, -0.0030865181614036057, -0.4057312849587702]], "fy": 523.557180970079, "fx": 548.2375237930574}, {"id": 38, "img_name": "cam8", "width": 1100, "height": 1100, "position": [1.5544736988533379, 0.8539210686261898, -3.0774529656871628], "rotation": [[0.9271194984199372, 0.019653328887592372, -0.37425016007104156], [-0.012007253182003057, 0.9996690480523334, 0.022751268913292485], [0.37457343942221444, -0.01659942859793067, 0.9270486489120379]], "fy": 523.557180970079, "fx": 548.2375237930574}, {"id": 39, "img_name": "cam9", "width": 1100, "height": 1100, "position": [2.371202816036919, 0.932284213999454, -2.5818673654792637], "rotation": [[0.8609557416333259, 0.013194471002021686, -0.5085087185915167], [-0.003939006263536122, 0.9998064946100114, 0.01927323442750345], [0.5086646195463819, -0.014590382812609475, 0.8608411151606992]], "fy": 523.557180970079, "fx": 548.2375237930574}]